1.1 25
1.2 27
1.3 2
1.4 21
1.5 23
2.1 28
2.2 1
2.3 22
2.4 24
3.1 5
3.2 4
4.4 5
4.5 30
5.3 4
5.4 29
5.5 25
6.4 8
6.5 7
7.2 8
7.3 32
8.3 7
8.4 25
8.5 31
9.4 11
9.5 10
10.2 25
10.3 11
10.4 34
11.3 10
11.4 33
12.4 14
12.5 13
13.2 36
13.3 14
13.4 25
14.3 13
14.4 35
15.1 16
16, 17 empty
18.1 25
18.2 21
18.3 22
18.4 15
18.5 ?green
19.1 ?green
19.2 15
20.1 ?red
20.2 ?green
20.3 ?green
20.4 ?green
20.5 ?red
21.1 24
21.2 23
21.5 1
22.1 2
22.4 23
22.5 24
23, 24, 25 empty
26.3 14
26.4 7
26.5 11
27.1 37
28.1 37
29.1 37
30.1 37
31.1 37
32.1 37
33.1 19
34.1 19
35.1 19
36.1 19
37.1 38
38.5 19
39.1 40
39.2 ?yellow
40.2 7
40.3 11
40.4 4
40.5 14
